#
# This file defines several popular fire danger indices (FDI)
# Note that for activation of an index one has to request output in the
# output_config file
# The below values are from optimization at 3 degrees for EU temperate forest
#
LIST = draught_factor_KBDI
PrIntercept = 3.64192
KBDI_max = 38.3408
Scale1 = 0.687845
exp1_a = 0.20748
exp1_b = 1.69683
c = 4.48291
Scale2 = 8.29375
exp2_a = 0.00279599
y_rain = 0.799931
dd_min = 0.905856
dd_power = 1.39408
sdi_a = 21.0909
sdi_b = 85.4679
sdi_c = 8.85516
y_a = 63.2345
y_b = 5.52848
y_c = 33.5085
sdi_max = 12.7299
END_LIST = draught_factor_KBDI 

LIST = draught_factor_SDI
rain_a = 0.104532
rain_b = 0.0084793
rain_max = 1.5167
moist_a = 12.5906
moist_b = 0.0593596
moist_scale = 16.3616
y_rain = 0.485758
dd_min = 0.688452
dd_power = 1.92447
sdi_a = 15.0517
sdi_b = 44.05
sdi_c = 6.42856
y_a = 28.9375
y_b = 4.36048
y_c = 39.0024
sdi_max = 11.1594
END_LIST = draught_factor_SDI 

LIST = grass_fire_danger_mean
base = 11.9332
intercept = 0.0105996
T_scale = 0.00842854
wind_scale = 0.298556
cure_power = 2.10279
cure_scale = 0.00299282
RH_scale = 0.0787345
scale = 0.909201
END_LIST = grass_fire_danger_mean 

LIST = grass_fire_danger_max
base = 4.44636
intercept = 0.0124134
T_scale = 0.00574726
wind_scale = 0.0148926
cure_power = 0.607368
cure_scale = 0.00109622
RH_scale = 0.317203
scale = 0.66011
END_LIST = grass_fire_danger_max 

LIST = FWI_fire_weather
e24 = 0.0462458
e25_1 = 85.1466
e25_2 = 0.107824
e25_3 = 5.8783
e25_4 = 1.94231e-08
e26 = 0.155762
e27_1 = 0.480688
e27_2 = 0.426139
e27_3 = 0.642068
e27_4 = 0.0134663
e27_5 = 1.50765
e28_1 = 91.5392
e28_2 = 0.690882
e28_3 = 0.67727
e28_4 = 2.17945
e28_5 = 1467.74
e28_6 = 27.1322
e28_7 = 112.286
e28_8 = 0.0157912
e29 = 0.0781372
e30_1 = 2.65175
e30_2 = 0.285178
e30_3 = 0.579491
END_LIST = FWI_fire_weather 

